1.080065708088953371e-12
1.104152595319729479e-12
1.273577249291337587e-12
1.254836000412932001e-12
1.246192454298005588e-12
1.008879099216215597e-12
1.284967291779178758e-12
1.212227720378076906e-12
1.208940457544375451e-12
1.262692108959287469e-12
1.265260502915785091e-12
1.266239284090921778e-12
1.264547393548418355e-12
1.105445595713396973e-12
1.113170402797939654e-12
1.123447278964097757e-12
9.836637669253496564e-13
9.010178154557632925e-13
8.884004034262087137e-13
1.168649844034384921e-12
8.690312372659401895e-13
8.381793806740219975e-13
1.013636261580279338e-12
9.563095462552351607e-13
1.086979862469455912e-12
1.071963314529520250e-12
1.386573383516433833e-12
9.558920105585691661e-13
1.056117312586684742e-12
9.955493496971712803e-13
1.541946948098542765e-12
1.472202950359920718e-12
1.465299137346586404e-12
1.196775903278653679e-12
2.477546792645478458e-12
2.231569309989056455e-12
1.800818481217337601e-12
2.249624700985998632e-12
4.423128139539635228e-12
3.926739494252145280e-12
3.335898763451353878e-12
1.713282459653130850e-12
2.679840985387577195e-12
4.153975572422164228e-12
1.853466362389756068e-12
3.133851219478715542e-12
4.728736394128537358e-12
3.846473469924886518e-12
2.123028589084063479e-12
1.316084477385594683e-12
9.588243283791968050e-13
1.938691277682983764e-12
2.612470054624311313e-12
6.027139754360477713e-12
2.997711747219238457e-12
1.739052102443067182e-12
1.187236817831306958e-12
1.746716300189001821e-12
3.433888989101146050e-12
6.944776168652408267e-12
4.819634665086973033e-12
1.456904112828540481e-12
1.798841391633162250e-12
3.055179835393495935e-12
2.237543187599435751e-12
1.408850272957395776e-12
1.498633688875686132e-12
1.892506309373074998e-12
1.103024044528957751e-12
9.834693237399749812e-13
1.003580360408811942e-12
8.602045044611952543e-13
1.070525354282758545e-12
1.090152887174944278e-12
9.553419505713323580e-13
8.709076854289082214e-13
1.035118664469425527e-12
1.199550530474422227e-12
1.183193099071188963e-12
1.004500113352216635e-12
1.070411291711483678e-12
1.248986048521241236e-12
7.820556889494502871e-13
4.391786427771850897e-13
3.307990982360116453e-13
