3.957723356091316973e-12
4.754581276551952035e-12
9.328562127482677193e-12
1.009293716829478428e-11
9.965100978940622780e-12
6.613181212636787110e-12
1.009950280567448963e-11
7.234267424060738190e-12
8.864273197270129881e-12
9.968276810662633736e-12
9.344937269524676254e-12
8.397024399522853520e-12
7.254013242515970280e-12
5.688934549014768796e-12
5.957885071186988339e-12
6.182806741310802625e-12
5.024221467667500895e-12
4.292489720650271417e-12
4.091501928025465582e-12
6.828366060852888382e-12
3.405151787629790724e-12
2.726582615941620015e-12
2.978349424855221378e-12
3.564017900629375791e-12
3.070696484589642385e-12
2.003096228227935075e-12
2.338647867462396964e-12
3.469773253354973807e-12
3.642894644546918742e-12
3.586159198162037477e-12
3.743620290552058485e-12
2.547230314490080252e-12
2.707482157275157006e-12
3.246245118732746373e-12
3.238349829821820906e-12
3.001210879590284109e-12
3.373323796894876043e-12
5.294840526661839358e-12
5.301740696245645693e-12
4.574519060444709869e-12
4.298678137036819803e-12
4.907401716730068821e-12
4.866448061330509817e-12
5.357788268117039965e-12
4.924648503702246322e-12
4.610030459878718924e-12
5.048126696935085735e-12
4.843224387467881466e-12
3.806247803754952267e-12
3.313582695329884923e-12
3.911882867768392611e-12
4.798248264536376783e-12
4.467606140680074030e-12
4.901740546361722400e-12
3.603245412198775189e-12
2.816732407201707878e-12
2.726750894044974888e-12
4.730635092411666521e-12
4.558127804048738127e-12
5.098344513154993803e-12
4.372081123939424732e-12
2.246543795680090055e-12
4.581885400071304491e-12
4.729260514752047966e-12
3.084362970522487194e-12
2.218712897190186611e-12
4.386557709121086886e-12
3.931528038268975843e-12
1.959166389517172776e-12
3.713549973061039419e-12
6.221598728226060264e-12
2.285875446104118809e-12
6.899051840920948425e-12
3.766152257016152972e-12
3.509049410694946441e-12
2.660947523984825701e-12
4.674973148775776754e-12
8.055507984330707084e-12
3.798916311792841381e-12
3.550158367425033523e-12
3.673536427267397048e-12
4.899970214171517037e-12
2.839655281919861544e-12
1.757974862210571412e-12
9.015805617362789463e-13
