7.633730702158299433e-13
9.611063012795276586e-13
1.306119453663621079e-12
1.374462045903782981e-12
1.296712045986555016e-12
8.742622913003794015e-13
1.316946659415604701e-12
1.299672929055940109e-12
1.336114293217606589e-12
1.321224500993347860e-12
1.270147599558107862e-12
1.217435104480078364e-12
1.453072013491312086e-12
1.110675843183807081e-12
1.045669677616585273e-12
1.001321368164387429e-12
7.504018208542165685e-13
6.278741746588872714e-13
6.166153312844576289e-13
1.201775177105686796e-12
6.383141351446433922e-13
4.903874521281755062e-13
5.112916684590185091e-13
6.745349414873265788e-13
5.900050024116681674e-13
4.015649762003767993e-13
4.655532691383606303e-13
6.181089383287062026e-13
6.202059190898237151e-13
5.995810675708470361e-13
6.258800511860518746e-13
4.645295754576190924e-13
5.275493509659689755e-13
5.831654980342421858e-13
5.352972522924167436e-13
5.487935160853742130e-13
5.978133299642862327e-13
6.878897159503321419e-13
6.697867591313912342e-13
6.779299260266833864e-13
6.461397718668943781e-13
6.892493467235641951e-13
6.001323909055619077e-13
7.074600696622014266e-13
6.789290346914815681e-13
5.398571384608380830e-13
5.938080439691369795e-13
6.472658577732878923e-13
6.181071652390237717e-13
5.980375011573300995e-13
6.334934596490124005e-13
6.376842200815579057e-13
5.072609582393198434e-13
5.713532122897461985e-13
5.396528709380735324e-13
5.467258848017726703e-13
5.508707379332615700e-13
6.086181188539333559e-13
5.120948994696380782e-13
5.511522125078269078e-13
5.384895605388898817e-13
4.838423707009555987e-13
5.748574189388703759e-13
5.654045394163854144e-13
4.619834521357115669e-13
4.300622799499944285e-13
5.683327513880285911e-13
5.977798723411134784e-13
4.305641857680309460e-13
6.150302223355534880e-13
8.433876363198793867e-13
4.608887295258248551e-13
9.810040383215220878e-13
6.137088755011653011e-13
6.262258018137452040e-13
5.314227893955433073e-13
8.422405608205807917e-13
1.260070305997376574e-12
6.505946347005106233e-13
6.430038662257398154e-13
6.832369782365145864e-13
7.971189478546970243e-13
4.577362709631878602e-13
3.962573615030813219e-13
1.933494369755868105e-13
