3.177316673391863182e-13
3.380885168975324811e-13
2.278218104869864776e-13
2.255367460482783722e-13
2.306647500972240790e-13
1.994566275904701858e-13
2.196771256932788176e-13
3.981349025140218965e-13
2.585271574565311590e-13
2.107328347464566997e-13
2.070052787139574873e-13
2.405332461027800888e-13
3.406882707281790044e-13
2.639543677267133614e-13
2.496739172302686555e-13
2.524096375254274478e-13
2.046807769247686679e-13
1.732264143775491189e-13
1.649758817976075910e-13
3.151964673896774418e-13
2.454673266732802895e-13
2.401870602746744592e-13
1.602423264281093905e-13
2.202310378794726954e-13
5.482811309311939786e-13
2.119944618505451193e-13
1.831025675789739685e-13
2.316002581016353084e-13
4.236044666777114625e-13
2.636874675388969288e-13
3.052369886749881969e-13
1.930781558094701490e-13
1.810390815762473277e-13
1.688815223223851109e-13
2.679553206157597666e-13
2.400378237255910542e-13
2.058070456634679470e-13
4.261415979311078985e-13
4.382255627043661227e-13
3.564848522439753884e-13
3.122607569564059894e-13
3.494793135773716964e-13
3.860620527897634954e-13
3.383658269980255015e-13
3.853579556810331935e-13
3.620188543817599310e-13
3.443491454546242637e-13
3.145222940030154532e-13
2.131796599722262063e-13
1.711580584711657256e-13
1.678534394697499374e-13
3.552015952869105671e-13
3.110838113011493798e-13
4.165793110218476678e-13
2.505058319740665479e-13
1.950457306839092709e-13
1.712420728142698660e-13
3.145280335213624820e-13
3.719446564445501037e-13
4.943722690725092994e-13
3.568966018783535259e-13
1.937281016342983463e-13
3.409566813159188791e-13
3.416314717192771618e-13
2.386039791048141536e-13
1.991994898535447825e-13
3.270868099563058189e-13
2.799964874376743444e-13
1.851502308966273022e-13
1.729362258177466793e-13
1.919298602683864551e-13
2.854875534623841511e-13
2.027036816546080095e-13
2.411722499321443383e-13
2.281560933015742282e-13
3.289643839963892255e-13
2.956069290391201357e-13
2.461444824919320829e-13
2.793270258622902305e-13
2.559880816030376015e-13
2.947887858839626281e-13
2.848047206660859933e-13
7.388124044191491434e-13
1.654735120928027324e-13
8.245495851604411039e-14
