8.065612585928954886e-12
3.659083684584134929e-12
2.150093823634686263e-12
1.919108765995800959e-12
2.020312177358179184e-12
1.824065309772165581e-12
1.861622691605657085e-12
4.986321068077709475e-12
2.990822038220170520e-12
2.334023538064704054e-12
1.703288114190890686e-12
1.821290890013355893e-12
6.556839038990027749e-12
3.091220769471598428e-12
1.843652578463449650e-12
1.520447216891284227e-12
1.400934854246445313e-12
1.451187857171017320e-12
1.634696870752639101e-12
5.773920894218548551e-12
1.457925105132075531e-12
1.029969910005881475e-12
1.476135310590313938e-12
2.715733297884604397e-12
2.479984603558833848e-12
1.069650440524512038e-12
1.166026218190894840e-12
2.652982684598788207e-12
2.899101266538901149e-12
2.644135185862350134e-12
2.670489192084168109e-12
1.344633576737741213e-12
1.322840211050167630e-12
1.554967086632072182e-12
1.645192745038230153e-12
1.576951345235211099e-12
1.659272082416345714e-12
2.607215191682089791e-12
2.559578576062775091e-12
2.151124089990450350e-12
2.069878676552992123e-12
2.736877987080465541e-12
2.475752145617268602e-12
2.198848715838251071e-12
2.639328276203900027e-12
2.029816139384364005e-12
2.152299833986095090e-12
2.092427506272179361e-12
1.689777880321535689e-12
1.535757647743490434e-12
1.599781057364324244e-12
4.822808034807805192e-12
1.895427705239828922e-12
2.323960550771778535e-12
1.585297856352393383e-12
1.456251845598952469e-12
1.398959511008624102e-12
2.202490099159089215e-12
1.967790373855948480e-12
2.787536916332619280e-12
1.970380140457318930e-12
1.235744116674044949e-12
2.006617158447581760e-12
1.929071711862229770e-12
1.439538439789375675e-12
1.177093156639896701e-12
2.285134149559803347e-12
1.728717484135769099e-12
1.092914423981706905e-12
1.365014477449272317e-12
1.771833859416625239e-12
1.131759481962544729e-12
1.674923801016782151e-12
2.715714768332579614e-12
2.461593232189332513e-12
1.542546580903539329e-12
1.480246925069123219e-12
1.753797151812030039e-12
3.447164673856383118e-12
3.434208689776775675e-12
3.664189565673428044e-12
4.299679505746827436e-12
3.667608824656596139e-12
1.819360225943874232e-12
8.380809748736914357e-13
