2.337564219834345693e-11
3.306553838144225301e-11
5.117268158231413506e-11
4.762251093296907148e-11
3.927145975437332472e-11
2.136341534804647082e-11
4.921306162401444303e-11
5.013086258547273682e-11
4.929640930768935987e-11
5.549988862127840307e-11
5.199985028380539555e-11
4.551613629746603301e-11
5.234165241927979102e-11
3.832595317158977919e-11
3.692512217722560186e-11
3.675955844072965727e-11
2.543974003464863131e-11
1.716279154396359728e-11
1.510644141480380989e-11
1.636474924606730630e-10
2.115114568848999013e-11
1.575705160760893709e-11
1.343412919354845628e-11
2.012352512212191149e-11
1.958236427676391805e-11
1.270247281543360503e-11
1.382326700699152704e-11
1.767208644350487085e-11
1.854013648081486664e-11
1.822114905840914923e-11
1.827911300023134780e-11
1.514139921028285872e-11
1.493442708691701432e-11
1.525698151809663733e-11
1.750337787256583371e-11
1.692927524473697290e-11
1.753582846766964975e-11
2.251812033496814673e-11
2.323456040849651100e-11
2.163411122675452893e-11
2.244983088777964398e-11
2.109790965512014168e-11
2.145828038502747712e-11
2.720610936536901286e-11
2.157887965035145082e-11
2.128702225836817589e-11
2.608262087200262733e-11
2.518531054394557567e-11
2.034202039425167072e-11
1.694166785829180065e-11
1.552191152877930029e-11
2.146430526820507068e-11
2.127354084195962505e-11
2.363963602490883662e-11
2.001876220697016501e-11
1.707282036695141891e-11
1.474912746701776398e-11
2.126730568992720855e-11
2.116302897098027619e-11
2.337229198604467537e-11
2.017145852092209744e-11
1.570778166558344669e-11
2.094655920854358373e-11
2.139632428378572146e-11
1.600664836674084365e-11
1.512352131484181305e-11
2.006749224500551561e-11
1.805252218593233679e-11
1.418186508456878940e-11
1.645233330521202457e-11
2.081469228870230717e-11
1.444152471536185098e-11
2.777924399623616965e-11
1.653705078720966703e-11
1.641389809523660883e-11
1.791302430356175288e-11
2.905051060761693103e-11
4.220486434180429333e-11
1.658597652037647476e-11
1.734306087937186150e-11
1.833151061870079837e-11
1.866352998488403903e-11
1.503081089749532130e-11
1.454844539091480234e-11
9.983231069174901106e-12
