2.669673881260851790e-14
3.694106138309854440e-14
3.681311153643700053e-14
4.074136178730612314e-14
4.479368473472022349e-14
3.350877173690486091e-14
4.183084927246237907e-14
3.728704965174482541e-14
3.722308722965294465e-14
3.790257335741470589e-14
3.821305686223656968e-14
3.977708480447465551e-14
8.865959309591396409e-14
4.053744496668772546e-14
3.693994192314288114e-14
3.539319289174367193e-14
2.835384426804878497e-14
2.535977853959186934e-14
2.502875434809972273e-14
5.836719698245935715e-14
2.409843037880728779e-14
2.117930450376809510e-14
2.127636824187416565e-14
2.391216218874841501e-14
2.081481254665144149e-14
1.948308304024044135e-14
1.993999574860230627e-14
2.274044733890732771e-14
2.964207898168542503e-14
2.473821338136050452e-14
2.546993144756145644e-14
1.994100568420268188e-14
1.973416761542951562e-14
2.110963738227888039e-14
2.357314230014217785e-14
2.175703600511232724e-14
2.091762099009145886e-14
2.589747278973810550e-14
3.131187863600069347e-14
2.916425079809466465e-14
2.532881779661450803e-14
2.602961637795142308e-14
2.313476468599932071e-14
2.955271161733789604e-14
2.726648952580968400e-14
2.196092262565956879e-14
2.700245823551310205e-14
2.695052243454386753e-14
2.115137234166982523e-14
2.091633701283525991e-14
2.483970001355720112e-14
2.769110755214968785e-14
2.137098690147321072e-14
2.794588787502105291e-14
2.247331467093667990e-14
1.949019806182431954e-14
2.019942974528945771e-14
2.591219021524875730e-14
2.124784775230894098e-14
2.731785356765226209e-14
2.569504430399643831e-14
1.948554713890736236e-14
2.587272513510594120e-14
2.135337830879652741e-14
2.056852056695434441e-14
1.863676123696515044e-14
2.478481190678777355e-14
2.235178841889958377e-14
1.836763351357444236e-14
2.437665532465779651e-14
3.247091320667951162e-14
1.915399671358235368e-14
3.381645183183967841e-14
2.115618693900450496e-14
2.053434364759409497e-14
2.232995098359701060e-14
3.051199819222520852e-14
3.929520377596123030e-14
2.307719499482849738e-14
2.148073063952118171e-14
2.521590830698143506e-14
2.997178185732022228e-14
2.890234088187660231e-14
2.183747889647958299e-14
9.201592107812138566e-15
