2.480015931109372069e-13
3.463122469003414436e-13
7.336444809590547736e-14
5.051455818594673692e-14
4.308933181399288068e-14
4.995653973882461369e-14
5.575406764315586843e-14
2.300703346726300143e-13
1.582806456026363534e-13
8.981988605868474891e-14
7.728396864809465170e-14
7.228694392765608603e-14
2.193549958000664762e-13
1.412775241070080314e-13
1.789905682753969475e-13
1.229492897298207291e-13
6.774818408865309770e-14
4.818860317299169972e-14
4.911165747968193429e-14
2.046645707722490657e-13
1.861183509852994131e-13
1.831265158607625862e-13
5.172366309176892381e-14
1.352435509376771465e-13
4.688309372423676396e-13
2.215903679523027204e-13
1.261604272107543713e-13
1.450748582165561298e-13
4.702099139086860818e-13
1.362591202586636022e-13
2.237629692015641214e-13
1.427414204088402806e-13
1.230440519111827200e-13
5.763221841187356302e-14
1.322205323189273725e-13
1.488133593187003927e-13
5.377145559186130064e-14
2.187357278589911729e-13
1.448766788271576303e-13
1.164605594034875069e-13
5.171613680984802046e-14
2.227587687148327051e-13
2.773706295553965385e-13
4.866237073127452017e-14
2.184696864417347637e-13
1.600459267739827851e-13
4.285306177144977280e-14
4.377455535261867855e-14
6.073649253616681021e-14
5.293895846185028366e-14
5.436089122387894451e-14
1.106713949506053717e-13
1.269051445363124277e-13
5.069269139338079861e-14
3.978689067252277698e-14
4.853316028624243453e-14
4.724795601476159068e-14
1.016969333997926887e-13
1.055534288182166570e-13
6.342945376423905904e-14
4.282580762782152397e-14
7.021835214529320581e-14
1.528682630984359569e-13
1.131973874909472153e-13
5.977416683179570276e-14
7.566411206304563181e-14
1.359546205023862998e-13
1.150034917680828376e-13
8.298147464178217224e-14
4.989718441910989942e-14
4.287018052876747927e-14
2.167737522181347828e-13
4.515628086644453688e-14
1.236577170643180142e-13
1.480554955751879570e-13
2.715747785822030351e-13
2.272873490071703042e-13
6.881799765820892096e-14
1.361627039733267476e-13
1.714653218726994301e-13
2.313545081599260514e-13
1.276662327004420399e-13
3.116471777909029690e-13
7.606204930642982223e-14
3.268279166777561737e-14
