9.647597840754385581e-12
1.316754991213625573e-11
2.005403728808600020e-11
1.985957727069719277e-11
1.873981535098800560e-11
1.169353337280077443e-11
2.009506413927231016e-11
1.704275223994929102e-11
1.995503469682065814e-11
2.225282847419959869e-11
2.016291844760328072e-11
1.736624431947705702e-11
1.883952052120793587e-11
1.550192260003952669e-11
1.508190477148058531e-11
1.386164263305761016e-11
9.864415674430023297e-12
7.853893485613661227e-12
8.096383728312876538e-12
1.480162747234086956e-11
8.559148671506857853e-12
6.000024885576780548e-12
6.257633323830955662e-12
8.585993156458125443e-12
7.763840185427111106e-12
4.859100697252291964e-12
5.739768092016339092e-12
7.430654345828384520e-12
7.407035688965875769e-12
7.112276655317806982e-12
7.863465016578647225e-12
6.467091888839601171e-12
6.647120250187102960e-12
7.385726398196843014e-12
8.006454523265492188e-12
7.618074258988088093e-12
8.180459263071944542e-12
9.809458588035660111e-12
1.117576358111142855e-11
1.034936476337877738e-11
1.042336671708439082e-11
8.690303574805395544e-12
9.246711439655654394e-12
1.262778581213768869e-11
8.829743646715486299e-12
8.954650359361115566e-12
1.160309468366507988e-11
1.148173936779343160e-11
9.439213682163368984e-12
8.072819996188491008e-12
8.250005019557349740e-12
8.752311772206633394e-12
8.666810114899687275e-12
1.050091760163718499e-11
8.756078013240780275e-12
7.332130835198272868e-12
6.563178837557399837e-12
8.638626653774514802e-12
8.686889784856625843e-12
1.017289120579270440e-11
8.932266145534041841e-12
6.003422633206173081e-12
8.398386810927155142e-12
8.836886062673005624e-12
6.756338901468529161e-12
5.693576490875363452e-12
8.051666703557230321e-12
7.507650248184618826e-12
5.067837248591177697e-12
7.679142949080796371e-12
1.152076048508150095e-11
5.322713940247906815e-12
1.301111503578154032e-11
7.241806292611651548e-12
7.424973295526841813e-12
6.790463955694111393e-12
1.174774723533739316e-11
1.677719600584351985e-11
7.420077172518534508e-12
7.815594344944533729e-12
8.327649765097129249e-12
1.019399416514687198e-11
6.002745509579082155e-12
5.724530502539466624e-12
5.896024216080264440e-12
