2.702249095892847125e-12
2.393446508992200128e-12
3.157647300342722613e-12
3.482649302850848808e-12
3.750977537993901980e-12
3.558640369187301755e-12
3.466865513683196627e-12
2.767876926676443027e-12
2.777468928119229896e-12
3.078453857135922633e-12
3.108125763791314545e-12
3.181552803544387651e-12
2.958308974161752976e-12
2.408528930065218088e-12
2.541013935808078136e-12
2.627535404606405758e-12
2.617305427666504821e-12
2.759786442972738267e-12
3.312437573272150748e-12
2.598692091343410403e-12
1.762095975843850072e-12
1.826429979465022304e-12
2.818625000673977734e-12
2.029367416495067471e-12
1.813632480818361804e-12
1.760894043063505416e-12
2.340816820833286783e-12
2.319415347792061042e-12
2.712523472068016540e-12
2.713947094691656574e-12
3.582609850617014267e-12
2.636626935073863606e-12
3.140848335178411528e-12
3.879862861464838419e-12
4.534814078739346366e-12
3.978837435822433463e-12
4.666995137582647203e-12
8.931539541790943552e-12
1.120290098783343984e-11
6.593281042729155676e-12
5.760783683751004332e-12
6.281877424455164661e-12
8.889460160421304069e-12
6.385616944346734132e-12
6.236330329467106231e-12
6.893814159886749103e-12
6.219661154353702417e-12
6.391865424518495349e-12
5.149071054267517465e-12
4.115076151177377370e-12
3.404175139926757036e-12
6.255838121506968398e-12
5.794322638942368526e-12
7.745510290768126730e-12
4.890013553906025321e-12
3.769906076500092237e-12
3.029219548368691218e-12
5.690662243121241549e-12
6.814289430846073643e-12
1.029481312161384854e-11
7.667536862588460330e-12
2.486839556005979983e-12
5.722513884876370344e-12
7.688890908627447827e-12
4.537361141436091502e-12
2.258580089132391164e-12
5.058471569562878475e-12
5.779865910817359287e-12
1.651864370834404761e-12
2.777696532867972533e-12
3.495719858070875843e-12
1.295677378557697239e-12
3.238019426287477988e-12
3.005211552631042981e-12
2.239296192914516869e-12
1.540789532061136088e-12
2.230662818331326976e-12
3.064874153634585989e-12
2.863163103882432650e-12
2.299196615802992569e-12
2.328992702353519581e-12
4.205486404041618638e-12
2.096589015454007260e-12
1.346873182922671597e-12
1.734276203474048294e-12
